92 40 0
90 39 0
91 42 0
93 39 0
92 39 0
90 42 0
90 41 0
90 43 0
94 40 0
91 44 0
93 38 0
95 39 0
90 44 0
93 41 0
92 41 0
95 38 0
91 40 0
92 38 0
91 41 0
93 44 0
91 45 0
90 45 0
96 38 0
91 43 0
95 40 0
92 43 0
93 37 0
91 38 0
92 42 0
93 42 0
90 38 0
95 42 0
91 39 0
163 52 0.0188679
163 61 0.0188679
165 58 0.0188679
163 55 0.0188679
162 58 0.0188679
164 59 0.0188679
163 60 0.0188679
88 27 0.0377358
89 28 0.0377358
88 25 0.0377358
94 28 0.0377358
93 32 0.0377358
90 29 0.0377358
90 30 0.0377358
93 31 0.0377358
92 31 0.0377358
89 25 0.0377358
92 30 0.0377358
88 26 0.0377358
89 27 0.0377358
94 30 0.0377358
97 27 0.0377358
89 31 0.0377358
94 27 0.0377358
90 26 0.0377358
90 31 0.0377358
93 30 0.0377358
88 28 0.0377358
89 26 0.0377358
90 27 0.0377358
97 26 0.0377358
94 26 0.0377358
90 28 0.0377358
89 29 0.0377358
92 56 0.0566038
94 51 0.0566038
94 56 0.0566038
95 52 0.0566038
91 56 0.0566038
95 55 0.0566038
96 50 0.0566038
91 57 0.0566038
96 54 0.0566038
91 49 0.0566038
95 54 0.0566038
94 54 0.0566038
90 51 0.0566038
94 50 0.0566038
92 51 0.0566038
96 51 0.0566038
95 56 0.0566038
90 48 0.0566038
96 56 0.0566038
92 55 0.0566038
97 53 0.0566038
95 50 0.0566038
94 49 0.0566038
94 52 0.0566038
92 54 0.0566038
96 52 0.0566038
91 55 0.0566038
96 53 0.0566038
95 49 0.0566038
95 51 0.0566038
91 50 0.0566038
91 51 0.0566038
91 52 0.0566038
170 69 0.0754717
171 68 0.0754717
171 69 0.0754717
172 69 0.0754717
169 68 0.0754717
170 67 0.0754717
168 69 0.0754717
168 68 0.0754717
169 67 0.0754717
169 69 0.0754717
275 38 0.0943396
271 39 0.0943396
273 39 0.0943396
274 40 0.0943396
275 40 0.0943396
276 41 0.0943396
276 42 0.0943396
275 41 0.0943396
275 39 0.0943396
273 40 0.0943396
274 37 0.0943396
275 42 0.0943396
275 37 0.0943396
272 35 0.0943396
274 36 0.0943396
276 40 0.0943396
272 37 0.0943396
274 39 0.0943396
273 37 0.0943396
274 34 0.0943396
272 41 0.0943396
273 42 0.0943396
277 43 0.0943396
97 67 0.113208
95 67 0.113208
95 66 0.113208
98 69 0.113208
95 65 0.113208
97 68 0.113208
96 68 0.113208
97 69 0.113208
97 66 0.113208
98 67 0.113208
96 65 0.113208
101 69 0.113208
96 66 0.113208
96 67 0.113208
101 68 0.113208
95 68 0.113208
102 69 0.113208
95 69 0.113208
107 56 0.132075
108 55 0.132075
106 59 0.132075
109 59 0.132075
110 58 0.132075
111 58 0.132075
108 59 0.132075
107 57 0.132075
108 60 0.132075
108 61 0.132075
111 56 0.132075
110 59 0.132075
111 57 0.132075
109 58 0.132075
107 55 0.132075
107 58 0.132075
106 58 0.132075
106 57 0.132075
109 56 0.132075
107 59 0.132075
106 60 0.132075
109 57 0.132075
109 55 0.132075
110 57 0.132075
110 56 0.132075
108 56 0.132075
106 55 0.132075
110 55 0.132075
106 56 0.132075
107 61 0.132075
108 58 0.132075
107 60 0.132075
109 61 0.132075
109 60 0.132075
258 52 0.150943
260 45 0.150943
263 50 0.150943
261 45 0.150943
258 48 0.150943
265 49 0.150943
264 43 0.150943
256 45 0.150943
175 69 0.169811
177 69 0.169811
173 69 0.169811
176 67 0.169811
176 68 0.169811
177 67 0.169811
178 69 0.169811
174 67 0.169811
177 68 0.169811
175 67 0.169811
175 68 0.169811
174 68 0.169811
176 69 0.169811
174 69 0.169811
175 53 0.188679
173 52 0.188679
176 53 0.188679
175 52 0.188679
176 51 0.188679
176 50 0.188679
175 50 0.188679
174 51 0.188679
175 54 0.188679
176 52 0.188679
174 49 0.188679
173 51 0.188679
177 53 0.188679
174 50 0.188679
177 51 0.188679
176 49 0.188679
174 52 0.188679
175 49 0.188679
175 51 0.188679
175 57 0.207547
176 55 0.207547
177 55 0.207547
179 57 0.207547
176 54 0.207547
178 54 0.207547
178 55 0.207547
175 56 0.207547
179 56 0.207547
179 55 0.207547
177 54 0.207547
178 56 0.207547
250 62 0.226415
261 60 0.226415
258 55 0.226415
259 60 0.226415
252 61 0.226415
262 65 0.226415
99 32 0.245283
100 31 0.245283
98 31 0.245283
97 36 0.245283
98 37 0.245283
96 37 0.245283
98 35 0.245283
100 33 0.245283
96 33 0.245283
102 33 0.245283
98 33 0.245283
102 34 0.245283
101 34 0.245283
100 35 0.245283
98 36 0.245283
98 34 0.245283
101 31 0.245283
100 34 0.245283
101 33 0.245283
98 32 0.245283
100 30 0.245283
99 31 0.245283
96 36 0.245283
97 29 0.245283
97 37 0.245283
99 35 0.245283
101 32 0.245283
100 36 0.245283
95 36 0.245283
96 34 0.245283
97 31 0.245283
99 36 0.245283
100 32 0.245283
96 35 0.245283
97 32 0.245283
97 35 0.245283
97 34 0.245283
99 34 0.245283
246 42 0.264151
248 52 0.264151
246 39 0.264151
248 38 0.264151
253 43 0.264151
247 40 0.264151
246 40 0.264151
247 52 0.264151
167 48 0.283019
171 48 0.283019
173 50 0.283019
170 52 0.283019
170 50 0.283019
173 49 0.283019
170 48 0.283019
172 51 0.283019
170 49 0.283019
171 52 0.283019
167 47 0.283019
169 51 0.283019
171 51 0.283019
170 51 0.283019
172 48 0.283019
172 52 0.283019
171 50 0.283019
172 50 0.283019
172 49 0.283019
172 47 0.301887
173 45 0.301887
172 41 0.301887
173 44 0.301887
174 46 0.301887
172 43 0.301887
175 46 0.301887
175 48 0.301887
175 47 0.301887
173 43 0.301887
174 44 0.301887
174 47 0.301887
173 47 0.301887
174 43 0.301887
173 46 0.301887
173 48 0.301887
173 42 0.301887
175 45 0.301887
174 45 0.301887
171 46 0.301887
172 42 0.301887
176 48 0.301887
172 46 0.301887
172 68 0.320755
172 64 0.320755
172 65 0.320755
171 67 0.320755
172 67 0.320755
173 67 0.320755
173 68 0.320755
172 66 0.320755
171 66 0.320755
170 66 0.320755
171 65 0.320755
271 68 0.339623
271 66 0.339623
271 64 0.339623
267 59 0.339623
272 62 0.339623
274 60 0.339623
272 61 0.339623
269 69 0.339623
272 63 0.339623
102 60 0.358491
102 56 0.358491
105 56 0.358491
102 57 0.358491
104 56 0.358491
105 58 0.358491
103 56 0.358491
104 55 0.358491
104 57 0.358491
102 55 0.358491
103 55 0.358491
104 58 0.358491
105 57 0.358491
105 55 0.358491
103 57 0.358491
102 58 0.358491
104 59 0.358491
104 60 0.358491
103 58 0.358491
100 58 0.358491
105 60 0.358491
105 59 0.358491
101 58 0.358491
103 59 0.358491
103 61 0.358491
104 61 0.358491
102 62 0.358491
175 58 0.377358
173 58 0.377358
172 59 0.377358
173 61 0.377358
175 59 0.377358
173 62 0.377358
174 60 0.377358
173 59 0.377358
172 62 0.377358
172 63 0.377358
174 62 0.377358
174 58 0.377358
174 59 0.377358
175 60 0.377358
174 61 0.377358
172 60 0.377358
175 61 0.377358
173 60 0.377358
171 61 0.377358
171 60 0.377358
108 63 0.396226
106 66 0.396226
108 67 0.396226
104 63 0.396226
108 62 0.396226
108 65 0.396226
107 66 0.396226
104 69 0.396226
106 69 0.396226
107 68 0.396226
104 68 0.396226
108 64 0.396226
108 68 0.396226
108 66 0.396226
107 69 0.396226
105 67 0.396226
107 64 0.396226
106 64 0.396226
101 64 0.396226
105 65 0.396226
105 68 0.396226
105 66 0.396226
107 65 0.396226
109 66 0.396226
109 65 0.396226
103 64 0.396226
109 64 0.396226
106 68 0.396226
102 64 0.396226
101 63 0.396226
104 64 0.396226
106 67 0.396226
103 63 0.396226
104 62 0.396226
103 62 0.396226
102 68 0.396226
109 63 0.396226
102 39 0.415094
101 40 0.415094
99 39 0.415094
102 40 0.415094
103 41 0.415094
102 41 0.415094
103 38 0.415094
100 37 0.415094
103 40 0.415094
100 38 0.415094
104 39 0.415094
98 38 0.415094
100 40 0.415094
104 41 0.415094
104 38 0.415094
104 40 0.415094
101 39 0.415094
101 41 0.415094
102 42 0.415094
105 39 0.415094
101 37 0.415094
101 36 0.415094
103 39 0.415094
105 40 0.415094
99 38 0.415094
102 36 0.415094
100 39 0.415094
101 38 0.415094
102 35 0.415094
108 49 0.433962
106 54 0.433962
108 50 0.433962
104 54 0.433962
109 51 0.433962
108 54 0.433962
106 49 0.433962
108 53 0.433962
104 50 0.433962
109 53 0.433962
104 53 0.433962
105 50 0.433962
108 52 0.433962
105 51 0.433962
107 50 0.433962
105 53 0.433962
105 54 0.433962
106 51 0.433962
107 51 0.433962
106 48 0.433962
107 49 0.433962
109 52 0.433962
109 48 0.433962
106 52 0.433962
106 53 0.433962
108 48 0.433962
107 48 0.433962
105 52 0.433962
107 54 0.433962
105 49 0.433962
104 52 0.433962
107 53 0.433962
108 51 0.433962
106 50 0.433962
107 52 0.433962
106 42 0.45283
104 43 0.45283
104 46 0.45283
107 46 0.45283
106 43 0.45283
107 47 0.45283
108 47 0.45283
105 43 0.45283
105 46 0.45283
105 42 0.45283
107 45 0.45283
105 44 0.45283
106 47 0.45283
105 48 0.45283
106 45 0.45283
103 43 0.45283
103 44 0.45283
103 42 0.45283
106 46 0.45283
105 47 0.45283
102 44 0.45283
102 43 0.45283
104 44 0.45283
108 45 0.45283
108 46 0.45283
103 45 0.45283
106 44 0.45283
105 41 0.45283
289 69 0.471698
288 59 0.471698
287 61 0.471698
298 65 0.471698
298 66 0.471698
289 61 0.471698
289 68 0.471698
290 68 0.471698
298 67 0.471698
90 5 0.490566
91 2 0.490566
91 4 0.490566
90 2 0.490566
90 3 0.490566
182 69 0.509434
178 67 0.509434
180 69 0.509434
180 67 0.509434
182 68 0.509434
181 68 0.509434
179 67 0.509434
180 66 0.509434
179 69 0.509434
181 69 0.509434
183 69 0.509434
179 68 0.509434
183 68 0.509434
181 67 0.509434
180 68 0.509434
181 66 0.509434
178 59 0.528302
179 60 0.528302
176 60 0.528302
178 58 0.528302
178 61 0.528302
178 60 0.528302
179 58 0.528302
177 61 0.528302
178 62 0.528302
177 59 0.528302
176 58 0.528302
179 59 0.528302
176 59 0.528302
177 65 0.54717
178 65 0.54717
180 64 0.54717
178 66 0.54717
179 66 0.54717
178 64 0.54717
177 64 0.54717
178 63 0.54717
179 64 0.54717
179 63 0.54717
179 65 0.54717
165 65 0.566038
164 67 0.566038
163 65 0.566038
164 68 0.566038
163 64 0.566038
160 67 0.566038
164 69 0.566038
166 65 0.566038
166 64 0.566038
161 68 0.566038
162 68 0.566038
161 69 0.566038
164 66 0.566038
163 67 0.566038
164 63 0.566038
162 66 0.566038
162 69 0.566038
164 65 0.566038
161 66 0.566038
163 69 0.566038
162 65 0.566038
176 64 0.584906
177 62 0.584906
176 62 0.584906
175 63 0.584906
176 63 0.584906
174 63 0.584906
176 61 0.584906
175 62 0.584906
177 63 0.584906
89 33 0.603774
88 33 0.603774
90 35 0.603774
90 32 0.603774
94 35 0.603774
90 36 0.603774
89 35 0.603774
90 34 0.603774
91 37 0.603774
89 36 0.603774
90 37 0.603774
91 34 0.603774
89 32 0.603774
90 33 0.603774
89 34 0.603774
88 32 0.603774
93 36 0.603774
96 63 0.622642
95 62 0.622642
95 64 0.622642
96 58 0.622642
96 64 0.622642
92 58 0.622642
94 61 0.622642
96 59 0.622642
95 63 0.622642
97 58 0.622642
91 61 0.622642
96 61 0.622642
95 59 0.622642
97 60 0.622642
96 60 0.622642
95 60 0.622642
95 61 0.622642
96 57 0.622642
95 58 0.622642
96 62 0.622642
94 64 0.622642
175 64 0.641509
175 66 0.641509
174 65 0.641509
175 65 0.641509
176 66 0.641509
174 64 0.641509
174 66 0.641509
173 63 0.641509
173 64 0.641509
176 65 0.641509
173 65 0.641509
102 47 0.660377
101 49 0.660377
100 48 0.660377
101 50 0.660377
101 46 0.660377
100 49 0.660377
101 48 0.660377
100 47 0.660377
101 45 0.660377
104 47 0.660377
103 49 0.660377
103 50 0.660377
104 48 0.660377
103 48 0.660377
100 46 0.660377
104 49 0.660377
103 47 0.660377
100 45 0.660377
102 46 0.660377
102 49 0.660377
103 46 0.660377
99 48 0.660377
99 47 0.660377
296 27 0.679245
291 16 0.679245
295 33 0.679245
296 34 0.679245
294 37 0.679245
296 28 0.679245
296 32 0.679245
295 29 0.679245
290 15 0.679245
295 34 0.679245
296 31 0.679245
294 26 0.679245
292 18 0.679245
291 20 0.679245
295 36 0.679245
292 16 0.679245
294 25 0.679245
296 35 0.679245
296 26 0.679245
293 21 0.679245
294 36 0.679245
295 30 0.679245
295 26 0.679245
291 15 0.679245
292 23 0.679245
165 39 0.698113
169 41 0.698113
166 40 0.698113
166 39 0.698113
169 40 0.698113
168 39 0.698113
165 43 0.698113
165 38 0.698113
165 40 0.698113
168 40 0.698113
165 41 0.698113
170 39 0.698113
99 44 0.716981
96 42 0.716981
99 43 0.716981
98 43 0.716981
100 41 0.716981
98 39 0.716981
100 44 0.716981
99 40 0.716981
98 42 0.716981
97 42 0.716981
101 42 0.716981
100 43 0.716981
97 41 0.716981
99 42 0.716981
97 40 0.716981
97 43 0.716981
100 42 0.716981
98 41 0.716981
96 41 0.716981
96 40 0.716981
97 38 0.716981
101 43 0.716981
98 40 0.716981
97 39 0.716981
99 41 0.716981
25 66 0.735849
26 56 0.735849
100 51 0.754717
102 53 0.754717
103 54 0.754717
102 54 0.754717
101 53 0.754717
100 53 0.754717
101 51 0.754717
102 52 0.754717
101 52 0.754717
101 54 0.754717
99 50 0.754717
100 52 0.754717
103 53 0.754717
102 51 0.754717
98 50 0.754717
100 54 0.754717
103 52 0.754717
99 54 0.754717
100 55 0.754717
99 55 0.754717
99 52 0.754717
276 50 0.773585
272 47 0.773585
277 44 0.773585
277 49 0.773585
274 48 0.773585
277 46 0.773585
277 45 0.773585
275 48 0.773585
271 25 0.792453
269 31 0.792453
271 26 0.792453
268 32 0.792453
269 32 0.792453
271 31 0.792453
273 34 0.792453
268 31 0.792453
270 33 0.792453
273 22 0.792453
269 30 0.792453
271 30 0.792453
270 32 0.792453
267 32 0.792453
270 31 0.792453
271 34 0.792453
273 26 0.792453
272 21 0.792453
94 46 0.811321
96 49 0.811321
96 47 0.811321
97 47 0.811321
96 44 0.811321
98 44 0.811321
95 44 0.811321
98 45 0.811321
95 43 0.811321
95 45 0.811321
96 43 0.811321
98 46 0.811321
97 44 0.811321
94 47 0.811321
97 46 0.811321
95 48 0.811321
95 47 0.811321
97 45 0.811321
93 48 0.811321
99 45 0.811321
96 45 0.811321
277 50 0.830189
277 55 0.830189
277 52 0.830189
277 53 0.830189
277 54 0.830189
277 51 0.830189
275 55 0.830189
276 52 0.830189
276 51 0.830189
276 53 0.830189
274 53 0.830189
171 55 0.849057
174 57 0.849057
170 54 0.849057
173 53 0.849057
173 54 0.849057
172 58 0.849057
172 53 0.849057
172 54 0.849057
171 54 0.849057
171 57 0.849057
169 56 0.849057
171 53 0.849057
174 55 0.849057
173 56 0.849057
173 57 0.849057
171 56 0.849057
173 55 0.849057
174 54 0.849057
174 56 0.849057
172 57 0.849057
172 56 0.849057
270 34 0.867925
271 36 0.867925
271 38 0.867925
267 43 0.867925
265 36 0.867925
269 36 0.867925
265 38 0.867925
264 41 0.867925
264 39 0.867925
266 37 0.867925
268 36 0.867925
269 35 0.867925
271 35 0.867925
267 40 0.867925
267 33 0.867925
93 13 0.886792
95 23 0.886792
88 24 0.886792
96 22 0.886792
95 22 0.886792
93 18 0.886792
90 17 0.886792
95 24 0.886792
93 17 0.886792
90 22 0.886792
90 21 0.886792
89 16 0.886792
95 21 0.886792
88 23 0.886792
91 23 0.886792
88 22 0.886792
90 18 0.886792
93 16 0.886792
115 64 0.90566
111 66 0.90566
115 69 0.90566
115 66 0.90566
112 67 0.90566
113 67 0.90566
114 67 0.90566
116 64 0.90566
111 67 0.90566
114 64 0.90566
115 65 0.90566
112 64 0.90566
110 67 0.90566
112 65 0.90566
109 68 0.90566
110 65 0.90566
111 65 0.90566
113 65 0.90566
116 67 0.90566
112 66 0.90566
110 69 0.90566
116 68 0.90566
116 69 0.90566
109 69 0.90566
115 67 0.90566
114 65 0.90566
115 68 0.90566
109 67 0.90566
110 66 0.90566
110 64 0.90566
111 64 0.90566
111 69 0.90566
113 68 0.90566
117 69 0.90566
113 66 0.90566
112 68 0.90566
116 66 0.90566
111 68 0.90566
113 69 0.90566
114 68 0.90566
110 68 0.90566
113 64 0.90566
117 68 0.90566
117 67 0.90566
114 66 0.90566
189 63 0.924528
198 62 0.924528
189 64 0.924528
189 65 0.924528
190 63 0.924528
189 69 0.924528
190 62 0.924528
187 64 0.924528
189 67 0.924528
188 65 0.924528
191 68 0.924528
190 67 0.924528
190 68 0.924528
187 63 0.924528
187 62 0.924528
188 69 0.924528
189 62 0.924528
188 68 0.924528
188 67 0.924528
191 69 0.924528
188 64 0.924528
189 68 0.924528
190 65 0.924528
187 66 0.924528
190 64 0.924528
190 66 0.924528
187 65 0.924528
190 69 0.924528
191 65 0.924528
191 67 0.924528
189 66 0.924528
188 63 0.924528
188 66 0.924528
186 65 0.924528
191 66 0.924528
196 60 0.924528
189 57 0.943396
189 59 0.943396
189 58 0.943396
188 56 0.943396
187 55 0.943396
187 58 0.943396
186 61 0.943396
188 54 0.943396
187 60 0.943396
189 61 0.943396
187 57 0.943396
188 58 0.943396
189 60 0.943396
186 62 0.943396
187 53 0.943396
186 60 0.943396
189 56 0.943396
188 61 0.943396
187 59 0.943396
188 59 0.943396
188 57 0.943396
186 58 0.943396
187 54 0.943396
188 55 0.943396
187 61 0.943396
186 55 0.943396
187 56 0.943396
186 59 0.943396
115 61 0.962264
114 58 0.962264
111 59 0.962264
113 58 0.962264
112 59 0.962264
113 61 0.962264
114 59 0.962264
112 63 0.962264
111 60 0.962264
111 63 0.962264
112 60 0.962264
113 63 0.962264
116 62 0.962264
114 62 0.962264
112 58 0.962264
115 59 0.962264
110 61 0.962264
114 60 0.962264
109 62 0.962264
113 60 0.962264
110 60 0.962264
115 62 0.962264
116 63 0.962264
115 60 0.962264
115 63 0.962264
114 63 0.962264
112 62 0.962264
110 62 0.962264
113 59 0.962264
112 61 0.962264
111 62 0.962264
111 61 0.962264
114 61 0.962264
94 66 0.981132
93 69 0.981132
92 67 0.981132
91 64 0.981132
92 68 0.981132
93 65 0.981132
92 69 0.981132
88 69 0.981132
90 66 0.981132
87 69 0.981132
89 68 0.981132
90 67 0.981132
93 67 0.981132
89 69 0.981132
91 67 0.981132
94 68 0.981132
93 68 0.981132
90 68 0.981132
91 69 0.981132
93 66 0.981132
94 67 0.981132
91 65 0.981132
92 66 0.981132
93 64 0.981132
94 65 0.981132
91 68 0.981132
90 69 0.981132
